{
  "generated_by": {
    "program": "augur",
    "version": "12.0.0"
  },
  "models": {
    "country_exposure": {
      "alphabet": [
        "Australia",
        "China",
        "France",
        "Germany",
        "Greece",
        "Guam",
        "India",
        "Iran",
        "Jamaica",
        "Japan",
        "Malaysia",
        "Netherlands",
        "Spain",
        "Sri Lanka",
        "Taiwan",
        "Thailand",
        "USA",
        "Uruguay",
        "Vietnam",
        "?"
      ],
      "equilibrium_probabilities": [
        0.03358831134772433,
        0.03992968433350663,
        0.042059173329467334,
        0.0560908872414085,
        0.04691829040272307,
        0.059522390230278235,
        0.04375098408384105,
        0.059105340008300124,
        0.05398163953518996,
        0.05968630634080753,
        0.059522390230278235,
        0.056039199676435544,
        0.05775488924876883,
        0.06085015059510907,
        0.060850150595108815,
        0.05458534805665552,
        0.03586102123236451,
        0.06025824186292223,
        0.05964560164911057
      ],
      "rate": 501.8470907500979,
      "transition_matrix": [
        [
          0.0,
          2.037842961285045,
          1.474804902249563,
          0.9854313983471328,
          1.9089370620752368,
          0.9463717546441711,
          2.3178355111194784,
          1.002706705113786,
          0.946270276974893,
          0.9905758218445101,
          0.9463717546441711,
          0.9973704550703804,
          1.4369197265152742,
          0.9699908144248952,
          0.9699908144248959,
          1.1844951409844908,
          9.344968911228122,
          0.9566255991005259,
          1.0066304336260736
        ],
        [
          2.037842961285045,
          0.0,
          1.2879102028382503,
          1.0465345850435614,
          0.9498190095739495,
          0.9479672868593769,
          1.1897002640483807,
          1.045722833476744,
          0.9465989149569884,
          0.9466221281465428,
          0.9479672868593769,
          1.4197241221456263,
          1.4037172207813913,
          0.9893997299100592,
          0.9893997299100594,
          1.9042247124032414,
          2.316451044767813,
          1.3963218497092513,
          1.3798419081498867
        ],
        [
          1.474804902249563,
          1.2879102028382503,
          0.0,
          1.0773253133724092,
          0.948165129075041,
          0.9604363709089453,
          1.896362286395969,
          0.94980926533532,
          0.9612845448167939,
          0.9454184163912615,
          0.9604363709089453,
          0.9454852361827314,
          0.9453438985070872,
          0.9481204247382085,
          0.9481204247382087,
          0.9471830915003678,
          3.6754118516599594,
          0.9452099890956169,
          0.9468746854026029
        ],
        [
          0.9854313983471328,
          1.0465345850435614,
          1.0773253133724092,
          0.0,
          0.945795264500215,
          0.9447511707673266,
          0.9514927055249226,
          0.947214968643525,
          0.9449886866008301,
          0.9450088215783154,
          0.9447511707673266,
          0.9451798188309877,
          0.9450397962674769,
          0.9467680153896672,
          0.9467680153896672,
          0.9459916433078774,
          1.2529195079263473,
          0.9450120159166111,
          0.9455685830675226
        ],
        [
          1.9089370620752368,
          0.9498190095739495,
          0.948165129075041,
          0.945795264500215,
          0.0,
          0.9444703488211429,
          1.7851753788397526,
          0.9474739740035638,
          0.9445884469386348,
          1.3580096691897894,
          0.9444703488211429,
          0.9443832400512278,
          0.9444158167378512,
          0.946664345054149,
          0.9466643450541491,
          0.9460680941407704,
          2.135303655468656,
          0.944211074534549,
          0.9448035006624979
        ],
        [
          0.9463717546441711,
          0.9479672868593769,
          0.9604363709089453,
          0.9447511707673266,
          0.9444703488211429,
          0.0,
          1.4011664260941818,
          0.946629759580441,
          0.9438486430260377,
          0.9440328052050313,
          0.9531720542423219,
          0.9437616245529303,
          0.9437487617433991,
          0.9459834311800216,
          0.9459834311800216,
          0.9440651758022877,
          0.947552927450755,
          0.9437702232189308,
          0.9441215786021468
        ],
        [
          2.3178355111194784,
          1.1897002640483807,
          1.896362286395969,
          0.9514927055249226,
          1.7851753788397526,
          1.4011664260941818,
          0.0,
          1.059351734482325,
          0.9454714568471706,
          0.9462022584226171,
          1.4011664260941812,
          0.950391051821274,
          0.945269673123504,
          0.9943499241540101,
          0.9943499241540147,
          0.9774889125774203,
          3.316091974261598,
          0.9449717360829333,
          0.9459802548253945
        ],
        [
          1.002706705113786,
          1.045722833476744,
          0.94980926533532,
          0.947214968643525,
          0.9474739740035638,
          0.946629759580441,
          1.059351734482325,
          0.0,
          0.9460252336035119,
          0.9462498902888465,
          0.946629759580441,
          0.9463507563351277,
          0.9463247031008281,
          1.1307265766344459,
          1.1307265766344263,
          0.9548722217053345,
          1.031612353781471,
          0.9462484128384747,
          0.9466709308562137
        ],
        [
          0.946270276974893,
          0.9465989149569884,
          0.9612845448167939,
          0.9449886866008301,
          0.9445884469386348,
          0.9438486430260377,
          0.9454714568471706,
          0.9460252336035119,
          0.0,
          0.9441150066738142,
          0.9438486430260377,
          0.9438352874445031,
          0.9437938220926286,
          0.9456733146106437,
          0.9456733146106441,
          0.9440332507432927,
          1.4125931708730926,
          0.9438141745055685,
          0.9441800197665308
        ],
        [
          0.9905758218445101,
          0.9466221281465428,
          0.9454184163912615,
          0.9450088215783154,
          1.3580096691897894,
          0.9440328052050313,
          0.9462022584226171,
          0.9462498902888465,
          0.9441150066738142,
          0.0,
          0.9440328052050313,
          0.9440208593198768,
          0.9440365568866553,
          0.9459250156809967,
          0.9459250156809967,
          0.9442306714760139,
          0.9931552154660366,
          0.9439980149348831,
          0.9443605157107202
        ],
        [
          0.9463717546441711,
          0.9479672868593769,
          0.9604363709089453,
          0.9447511707673266,
          0.9444703488211429,
          0.9531720542423219,
          1.4011664260941812,
          0.946629759580441,
          0.9438486430260377,
          0.9440328052050313,
          0.0,
          0.9437616245529303,
          0.9437487617433991,
          0.9459834311800216,
          0.9459834311800216,
          0.9440651758022877,
          0.947552927450755,
          0.9437702232189308,
          0.9441215786021468
        ],
        [
          0.9973704550703804,
          1.4197241221456263,
          0.9454852361827314,
          0.9451798188309877,
          0.9443832400512278,
          0.9437616245529303,
          0.950391051821274,
          0.9463507563351277,
          0.9438352874445031,
          0.9440208593198768,
          0.9437616245529303,
          0.0,
          0.9437412621456193,
          0.9458806632991976,
          0.9458806632991976,
          0.9439512588690131,
          1.358627552809171,
          0.9437173214634968,
          0.9442949400832011
        ],
        [
          1.4369197265152742,
          1.4037172207813913,
          0.9453438985070872,
          0.9450397962674769,
          0.9444158167378512,
          0.9437487617433991,
          0.945269673123504,
          0.9463247031008281,
          0.9437938220926286,
          0.9440365568866553,
          0.9437487617433991,
          0.9437412621456193,
          0.0,
          0.9458546044400058,
          0.9458546044400058,
          0.9464349961121722,
          0.9549551804576449,
          0.9448555053576266,
          0.9444157703180484
        ],
        [
          0.9699908144248952,
          0.9893997299100592,
          0.9481204247382085,
          0.9467680153896672,
          0.946664345054149,
          0.9459834311800216,
          0.9943499241540101,
          1.1307265766344459,
          0.9456733146106437,
          0.9459250156809967,
          0.9459834311800216,
          0.9458806632991976,
          0.9458546044400058,
          0.0,
          1.3262220336810986,
          0.949669725000021,
          0.9808785630497956,
          0.9458302393148468,
          0.9462228504378531
        ],
        [
          0.9699908144248959,
          0.9893997299100594,
          0.9481204247382087,
          0.9467680153896672,
          0.9466643450541491,
          0.9459834311800216,
          0.9943499241540147,
          1.1307265766344263,
          0.9456733146106441,
          0.9459250156809967,
          0.9459834311800216,
          0.9458806632991976,
          0.9458546044400058,
          1.3262220336810986,
          0.0,
          0.9496697250000213,
          0.9808785630497963,
          0.9458302393148468,
          0.9462228504378531
        ],
        [
          1.1844951409844908,
          1.9042247124032414,
          0.9471830915003678,
          0.9459916433078774,
          0.9460680941407704,
          0.9440651758022877,
          0.9774889125774203,
          0.9548722217053345,
          0.9440332507432927,
          0.9442306714760139,
          0.9440651758022877,
          0.9439512588690131,
          0.9464349961121722,
          0.949669725000021,
          0.9496697250000213,
          0.0,
          1.661962235476327,
          0.9460951829899588,
          0.9448749578091334
        ],
        [
          9.344968911228122,
          2.316451044767813,
          3.6754118516599594,
          1.2529195079263473,
          2.135303655468656,
          0.947552927450755,
          3.316091974261598,
          1.031612353781471,
          1.4125931708730926,
          0.9931552154660366,
          0.947552927450755,
          1.358627552809171,
          0.9549551804576449,
          0.9808785630497956,
          0.9808785630497963,
          1.661962235476327,
          0.0,
          0.9539674593292584,
          0.9719356061207115
        ],
        [
          0.9566255991005259,
          1.3963218497092513,
          0.9452099890956169,
          0.9450120159166111,
          0.944211074534549,
          0.9437702232189308,
          0.9449717360829333,
          0.9462484128384747,
          0.9438141745055685,
          0.9439980149348831,
          0.9437702232189308,
          0.9437173214634968,
          0.9448555053576266,
          0.9458302393148468,
          0.9458302393148468,
          0.9460951829899588,
          0.9539674593292584,
          0.0,
          0.9442644460772142
        ],
        [
          1.0066304336260736,
          1.3798419081498867,
          0.9468746854026029,
          0.9455685830675226,
          0.9448035006624979,
          0.9441215786021468,
          0.9459802548253945,
          0.9466709308562137,
          0.9441800197665308,
          0.9443605157107202,
          0.9441215786021468,
          0.9442949400832011,
          0.9444157703180484,
          0.9462228504378531,
          0.9462228504378531,
          0.9448749578091334,
          0.9719356061207115,
          0.9442644460772142,
          0.0
        ]
      ]
    }
  },
  "nodes": {
    "Australia/VIC1008/2020": {
      "country_exposure": "Australia",
      "country_exposure_confidence": {
        "Australia": 1.0
      },
      "country_exposure_entropy": -1.000088900581841e-12
    },
    "Australia/VIC1018/2020": {
      "country_exposure": "Australia",
      "country_exposure_confidence": {
        "Australia": 1.0
      },
      "country_exposure_entropy": -1.000088900581841e-12
    },
    "Australia/VIC102/2020": {
      "country_exposure": "Australia",
      "country_exposure_confidence": {
        "Australia": 1.0
      },
      "country_exposure_entropy": -1.000088900581841e-12
    },
    "Australia/VIC1038/2020": {
      "country_exposure": "Australia",
      "country_exposure_confidence": {
        "Australia": 1.0
      },
      "country_exposure_entropy": -1.000088900581841e-12
    },
    "Australia/VIC1045/2020": {
      "country_exposure": "Australia",
      "country_exposure_confidence": {
        "Australia": 0.9999999999999999
      },
      "country_exposure_entropy": -9.99866855976916e-13
    },
    "Australia/VIC1048/2020": {
      "country_exposure": "Australia",
      "country_exposure_confidence": {
        "Australia": 1.0
      },
      "country_exposure_entropy": -1.000088900581841e-12
    },
    "Australia/VIC1062/2020": {
      "country_exposure": "Australia",
      "country_exposure_confidence": {
        "Australia": 1.0
      },
      "country_exposure_entropy": -1.000088900581841e-12
    },
    "Australia/VIC1120/2020": {
      "country_exposure": "Australia",
      "country_exposure_confidence": {
        "Australia": 1.0
      },
      "country_exposure_entropy": -1.000088900581841e-12
    },
    "Australia/VIC1135/2020": {
      "country_exposure": "Australia",
      "country_exposure_confidence": {
        "Australia": 1.0
      },
      "country_exposure_entropy": -1.000088900581841e-12
    },
    "Australia/VIC1139/2020": {
      "country_exposure": "Australia",
      "country_exposure_confidence": {
        "Australia": 1.0
      },
      "country_exposure_entropy": -1.000088900581841e-12
    },
    "Australia/VIC1175/2020": {
      "country_exposure": "Australia",
      "country_exposure_confidence": {
        "Australia": 1.0
      },
      "country_exposure_entropy": -1.000088900581841e-12
    },
    "Australia/VIC1186/2020": {
      "country_exposure": "Australia",
      "country_exposure_confidence": {
        "Australia": 1.0
      },
      "country_exposure_entropy": -1.000088900581841e-12
    },
    "Australia/VIC1199/2020": {
      "country_exposure": "Australia",
      "country_exposure_confidence": {
        "Australia": 0.9999999999999999
      },
      "country_exposure_entropy": -9.99866855976916e-13
    },
    "Australia/VIC1208/2020": {
      "country_exposure": "Australia",
      "country_exposure_confidence": {
        "Australia": 1.0
      },
      "country_exposure_entropy": -1.000088900581841e-12
    },
    "Australia/VIC1251/2020": {
      "country_exposure": "Australia",
      "country_exposure_confidence": {
        "Australia": 1.0
      },
      "country_exposure_entropy": -1.000088900581841e-12
    },
    "Australia/VIC14/2020": {
      "country_exposure": "Australia",
      "country_exposure_confidence": {
        "Australia": 1.0
      },
      "country_exposure_entropy": -1.000088900581841e-12
    },
    "Australia/VIC259/2020": {
      "country_exposure": "Australia",
      "country_exposure_confidence": {
        "Australia": 1.0
      },
      "country_exposure_entropy": -1.000088900581841e-12
    },
    "Australia/VIC319/2020": {
      "country_exposure": "Australia",
      "country_exposure_confidence": {
        "Australia": 1.0
      },
      "country_exposure_entropy": -1.000088900581841e-12
    },
    "Australia/VIC329/2020": {
      "country_exposure": "Australia",
      "country_exposure_confidence": {
        "Australia": 1.0
      },
      "country_exposure_entropy": -1.000088900581841e-12
    },
    "Australia/VIC330/2020": {
      "country_exposure": "Australia",
      "country_exposure_confidence": {
        "Australia": 1.0
      },
      "country_exposure_entropy": -1.000088900581841e-12
    },
    "Australia/VIC380/2020": {
      "country_exposure": "Australia",
      "country_exposure_confidence": {
        "Australia": 0.9999999999999999
      },
      "country_exposure_entropy": -9.99866855976916e-13
    },
    "Australia/VIC385/2020": {
      "country_exposure": "Australia",
      "country_exposure_confidence": {
        "Australia": 1.0
      },
      "country_exposure_entropy": -1.000088900581841e-12
    },
    "Australia/VIC413/2020": {
      "country_exposure": "Australia",
      "country_exposure_confidence": {
        "Australia": 1.0
      },
      "country_exposure_entropy": -1.000088900581841e-12
    },
    "Australia/VIC534/2020": {
      "country_exposure": "Australia",
      "country_exposure_confidence": {
        "Australia": 1.0
      },
      "country_exposure_entropy": -1.000088900581841e-12
    },
    "Australia/VIC549/2020": {
      "country_exposure": "Australia",
      "country_exposure_confidence": {
        "Australia": 1.0
      },
      "country_exposure_entropy": -1.000088900581841e-12
    },
    "Australia/VIC734/2020": {
      "country_exposure": "Australia",
      "country_exposure_confidence": {
        "Australia": 1.0
      },
      "country_exposure_entropy": -1.000088900581841e-12
    },
    "Australia/VIC767/2020": {
      "country_exposure": "Australia",
      "country_exposure_confidence": {
        "Australia": 1.0
      },
      "country_exposure_entropy": -1.000088900581841e-12
    },
    "Australia/VIC797/2020": {
      "country_exposure": "Australia",
      "country_exposure_confidence": {
        "Australia": 1.0
      },
      "country_exposure_entropy": -1.000088900581841e-12
    },
    "Australia/VIC800/2020": {
      "country_exposure": "Australia",
      "country_exposure_confidence": {
        "Australia": 1.0
      },
      "country_exposure_entropy": -1.000088900581841e-12
    },
    "Australia/VIC803/2020": {
      "country_exposure": "Australia",
      "country_exposure_confidence": {
        "Australia": 1.0
      },
      "country_exposure_entropy": -1.000088900581841e-12
    },
    "Australia/VIC82/2020": {
      "country_exposure": "Australia",
      "country_exposure_confidence": {
        "Australia": 1.0
      },
      "country_exposure_entropy": -1.000088900581841e-12
    },
    "Australia/VIC824/2020": {
      "country_exposure": "Australia",
      "country_exposure_confidence": {
        "Australia": 1.0
      },
      "country_exposure_entropy": -1.000088900581841e-12
    },
    "Australia/VIC851/2020": {
      "country_exposure": "Australia",
      "country_exposure_confidence": {
        "Australia": 1.0
      },
      "country_exposure_entropy": -1.000088900581841e-12
    },
    "Australia/VIC92/2020": {
      "country_exposure": "Australia",
      "country_exposure_confidence": {
        "Australia": 1.0
      },
      "country_exposure_entropy": -1.000088900581841e-12
    },
    "Australia/VIC969/2020": {
      "country_exposure": "Australia",
      "country_exposure_confidence": {
        "Australia": 1.0
      },
      "country_exposure_entropy": -1.000088900581841e-12
    },
    "Australia/VIC970/2020": {
      "country_exposure": "Australia",
      "country_exposure_confidence": {
        "Australia": 1.0
      },
      "country_exposure_entropy": -1.000088900581841e-12
    },
    "China/Beijing_IME-BJ05/2020": {
      "country_exposure": "China",
      "country_exposure_confidence": {
        "China": 0.9999999999999999
      },
      "country_exposure_entropy": -9.99866855976916e-13
    },
    "China/WHUHnCoV020/2020": {
      "country_exposure": "China",
      "country_exposure_confidence": {
        "China": 1.0
      },
      "country_exposure_entropy": -1.000088900581841e-12
    },
    "China/Wuhan_YB012611/2020": {
      "country_exposure": "China",
      "country_exposure_confidence": {
        "China": 1.0
      },
      "country_exposure_entropy": -1.000088900581841e-12
    },
    "ENV/USA/UF-11/2020": {
      "country_exposure": "USA",
      "country_exposure_confidence": {
        "USA": 1.0
      },
      "country_exposure_entropy": -1.000088900581841e-12
    },
    "France/10006HC/2020": {
      "country_exposure": "France",
      "country_exposure_confidence": {
        "France": 0.9999999999999999
      },
      "country_exposure_entropy": -9.99866855976916e-13
    },
    "France/10015BY/2020": {
      "country_exposure": "France",
      "country_exposure_confidence": {
        "France": 1.0
      },
      "country_exposure_entropy": -1.000088900581841e-12
    },
    "France/10023FD/2020": {
      "country_exposure": "France",
      "country_exposure_confidence": {
        "France": 1.0
      },
      "country_exposure_entropy": -1.000088900581841e-12
    },
    "France/10041MR/2020": {
      "country_exposure": "France",
      "country_exposure_confidence": {
        "France": 0.9999999999999999
      },
      "country_exposure_entropy": -9.99866855976916e-13
    },
    "France/10045DZ/2020": {
      "country_exposure": "France",
      "country_exposure_confidence": {
        "France": 1.0
      },
      "country_exposure_entropy": -1.000088900581841e-12
    },
    "France/10060KV/2020": {
      "country_exposure": "France",
      "country_exposure_confidence": {
        "France": 0.9999999999999999
      },
      "country_exposure_entropy": -9.99866855976916e-13
    },
    "France/10068ND/2020": {
      "country_exposure": "France",
      "country_exposure_confidence": {
        "France": 1.0
      },
      "country_exposure_entropy": -1.000088900581841e-12
    },
    "France/10078MA/2020": {
      "country_exposure": "France",
      "country_exposure_confidence": {
        "France": 0.9999999999999999
      },
      "country_exposure_entropy": -9.99866855976916e-13
    },
    "France/40003KA/2020": {
      "country_exposure": "France",
      "country_exposure_confidence": {
        "France": 1.0
      },
      "country_exposure_entropy": -1.000088900581841e-12
    },
    "France/50001AR/2020": {
      "country_exposure": "France",
      "country_exposure_confidence": {
        "France": 1.0
      },
      "country_exposure_entropy": -1.000088900581841e-12
    },
    "Germany/BavPat1-ChVir929/2020": {
      "country_exposure": "Germany",
      "country_exposure_confidence": {
        "Germany": 1.0
      },
      "country_exposure_entropy": -1.000088900581841e-12
    },
    "Germany/BavPat3-ChVir1020/2020": {
      "country_exposure": "Germany",
      "country_exposure_confidence": {
        "Germany": 1.0
      },
      "country_exposure_entropy": -1.000088900581841e-12
    },
    "Greece/139_32716/2020": {
      "country_exposure": "Greece",
      "country_exposure_confidence": {
        "Greece": 0.9999999999999999
      },
      "country_exposure_entropy": -9.99866855976916e-13
    },
    "Greece/222_33921/2020": {
      "country_exposure": "Greece",
      "country_exposure_confidence": {
        "Greece": 1.0
      },
      "country_exposure_entropy": -1.000088900581841e-12
    },
    "Greece/226_35576/2020": {
      "country_exposure": "Greece",
      "country_exposure_confidence": {
        "Greece": 1.0
      },
      "country_exposure_entropy": -1.000088900581841e-12
    },
    "Greece/227_35969/2020": {
      "country_exposure": "Greece",
      "country_exposure_confidence": {
        "Greece": 1.0
      },
      "country_exposure_entropy": -1.000088900581841e-12
    },
    "Greece/246_32206/2020": {
      "country_exposure": "Greece",
      "country_exposure_confidence": {
        "Greece": 0.9999999999999999
      },
      "country_exposure_entropy": -9.99866855976916e-13
    },
    "Greece/248_32261/2020": {
      "country_exposure": "Greece",
      "country_exposure_confidence": {
        "Greece": 1.0
      },
      "country_exposure_entropy": -1.000088900581841e-12
    },
    "Greece/259_31928/2020": {
      "country_exposure": "Greece",
      "country_exposure_confidence": {
        "Greece": 1.0
      },
      "country_exposure_entropy": -1.000088900581841e-12
    },
    "Greece/37_35684/2020": {
      "country_exposure": "Greece",
      "country_exposure_confidence": {
        "Greece": 1.0
      },
      "country_exposure_entropy": -1.000088900581841e-12
    },
    "Greece/41_36861/2020": {
      "country_exposure": "Greece",
      "country_exposure_confidence": {
        "Greece": 1.0
      },
      "country_exposure_entropy": -1.000088900581841e-12
    },
    "Guam/GU-NHG-01/2020": {
      "country_exposure": "Guam",
      "country_exposure_confidence": {
        "Guam": 1.0
      },
      "country_exposure_entropy": -1.000088900581841e-12
    },
    "Hangzhou/HZ-1/2020": {
      "country_exposure": "China",
      "country_exposure_confidence": {
        "China": 1.0
      },
      "country_exposure_entropy": -1.000088900581841e-12
    },
    "India/GBRC14/2020": {
      "country_exposure": "India",
      "country_exposure_confidence": {
        "India": 1.0
      },
      "country_exposure_entropy": -1.000088900581841e-12
    },
    "India/GBRC20/2020": {
      "country_exposure": "India",
      "country_exposure_confidence": {
        "India": 1.0
      },
      "country_exposure_entropy": -1.000088900581841e-12
    },
    "India/GBRC21/2020": {
      "country_exposure": "India",
      "country_exposure_confidence": {
        "India": 1.0
      },
      "country_exposure_entropy": -1.000088900581841e-12
    },
    "India/GBRC26/2020": {
      "country_exposure": "India",
      "country_exposure_confidence": {
        "India": 1.0
      },
      "country_exposure_entropy": -1.000088900581841e-12
    },
    "India/GBRC29/2020": {
      "country_exposure": "India",
      "country_exposure_confidence": {
        "India": 1.0
      },
      "country_exposure_entropy": -1.000088900581841e-12
    },
    "India/GBRC51/2020": {
      "country_exposure": "India",
      "country_exposure_confidence": {
        "India": 1.0
      },
      "country_exposure_entropy": -1.000088900581841e-12
    },
    "India/GBRC56a/2020": {
      "country_exposure": "India",
      "country_exposure_confidence": {
        "India": 1.0
      },
      "country_exposure_entropy": -1.000088900581841e-12
    },
    "India/GBRC8/2020": {
      "country_exposure": "India",
      "country_exposure_confidence": {
        "India": 1.0
      },
      "country_exposure_entropy": -1.000088900581841e-12
    },
    "India/GBRC85/2020": {
      "country_exposure": "India",
      "country_exposure_confidence": {
        "India": 1.0
      },
      "country_exposure_entropy": -1.000088900581841e-12
    },
    "India/GBRC88a/2020": {
      "country_exposure": "India",
      "country_exposure_confidence": {
        "India": 1.0
      },
      "country_exposure_entropy": -1.000088900581841e-12
    },
    "India/GBRC9/2020": {
      "country_exposure": "India",
      "country_exposure_confidence": {
        "India": 1.0
      },
      "country_exposure_entropy": -1.000088900581841e-12
    },
    "India/GBRC96/2020": {
      "country_exposure": "India",
      "country_exposure_confidence": {
        "India": 1.0
      },
      "country_exposure_entropy": -1.000088900581841e-12
    },
    "India/GBRC97a/2020": {
      "country_exposure": "India",
      "country_exposure_confidence": {
        "India": 1.0
      },
      "country_exposure_entropy": -1.000088900581841e-12
    },
    "India/GMC-KP1125/2020": {
      "country_exposure": "India",
      "country_exposure_confidence": {
        "India": 0.9999999999999999
      },
      "country_exposure_entropy": -9.99866855976916e-13
    },
    "India/GMCKN318/2020": {
      "country_exposure": "India",
      "country_exposure_confidence": {
        "India": 1.0
      },
      "country_exposure_entropy": -1.000088900581841e-12
    },
    "India/GMCTC469/2020": {
      "country_exposure": "India",
      "country_exposure_confidence": {
        "India": 1.0
      },
      "country_exposure_entropy": -1.000088900581841e-12
    },
    "India/nimh-2873/2020": {
      "country_exposure": "India",
      "country_exposure_confidence": {
        "India": 1.0
      },
      "country_exposure_entropy": -1.000088900581841e-12
    },
    "India/nimh-3952/2020": {
      "country_exposure": "India",
      "country_exposure_confidence": {
        "India": 1.0
      },
      "country_exposure_entropy": -1.000088900581841e-12
    },
    "Iran/HGRC-1.1-IPI-8206/2020": {
      "country_exposure": "Iran",
      "country_exposure_confidence": {
        "Iran": 1.0
      },
      "country_exposure_entropy": -1.000088900581841e-12
    },
    "Jamaica/JM-CDC-7286/2020": {
      "country_exposure": "Jamaica",
      "country_exposure_confidence": {
        "Jamaica": 1.0
      },
      "country_exposure_entropy": -1.000088900581841e-12
    },
    "Japan/P4-6/2020": {
      "country_exposure": "Japan",
      "country_exposure_confidence": {
        "Japan": 1.0
      },
      "country_exposure_entropy": -1.000088900581841e-12
    },
    "Malaysia/189332/2020": {
      "country_exposure": "Malaysia",
      "country_exposure_confidence": {
        "Malaysia": 0.9999999999999999
      },
      "country_exposure_entropy": -9.99866855976916e-13
    },
    "NODE_0000000": {
      "country_exposure": "China",
      "country_exposure_confidence": {
        "Australia": 0.0020059773016856044,
        "China": 0.9725845600724111,
        "Thailand": 0.002962826190116614,
        "USA": 0.0024862271236324447
      },
      "country_exposure_entropy": 0.203119756602598
    },
    "NODE_0000006": {
      "country_exposure": "Australia",
      "country_exposure_confidence": {
        "Australia": 0.7917543850120684,
        "Greece": 0.019947880304275373,
        "India": 0.008739425094489843,
        "USA": 0.15005827772295963
      },
      "country_exposure_entropy": 0.7591436745052791
    },
    "NODE_0000008": {
      "country_exposure": "Australia",
      "country_exposure_confidence": {
        "Australia": 0.9710567601242147,
        "Greece": 0.0012749446325374828,
        "USA": 0.023641080921328283
      },
      "country_exposure_entropy": 0.15763135046663979
    },
    "NODE_0000009": {
      "country_exposure": "China",
      "country_exposure_confidence": {
        "Australia": 0.12174044619220974,
        "China": 0.24898844783579677,
        "India": 0.22164794951419964,
        "USA": 0.21893971240228055
      },
      "country_exposure_entropy": 2.030903832666573
    },
    "NODE_0000010": {
      "country_exposure": "Iran",
      "country_exposure_confidence": {
        "China": 0.07492515780789355,
        "Iran": 0.3661797956814495,
        "Sri Lanka": 0.11594011836317983,
        "Taiwan": 0.11594011836317838
      },
      "country_exposure_entropy": 2.217781789779252
    },
    "NODE_0000011": {
      "country_exposure": "Sri Lanka",
      "country_exposure_confidence": {
        "India": 0.02148726884494017,
        "Iran": 0.1052051670071584,
        "Sri Lanka": 0.3549722205145568,
        "Taiwan": 0.354972220514554
      },
      "country_exposure_entropy": 1.7853466950436372
    },
    "NODE_0000012": {
      "country_exposure": "India",
      "country_exposure_confidence": {
        "Australia": 0.015413466490933886,
        "France": 0.011481352273343001,
        "India": 0.9423367416559649,
        "USA": 0.012028529027158542
      },
      "country_exposure_entropy": 0.34178858648559435
    },
    "NODE_0000013": {
      "country_exposure": "USA",
      "country_exposure_confidence": {
        "Australia": 0.2856597829739928,
        "China": 0.045228587789573026,
        "Thailand": 0.07927304527278774,
        "USA": 0.5192816403747468
      },
      "country_exposure_entropy": 1.360044903323169
    },
    "NODE_0000014": {
      "country_exposure": "India",
      "country_exposure_confidence": {
        "Australia": 0.07370047045672352,
        "France": 0.004864696573223667,
        "India": 0.8826901473410943,
        "USA": 0.020791484519561934
      },
      "country_exposure_entropy": 0.5275557693976516
    },
    "NODE_0000017": {
      "country_exposure": "Australia",
      "country_exposure_confidence": {
        "Australia": 0.7940935623212093,
        "Greece": 0.0913986539277133,
        "India": 0.007389373257748679,
        "USA": 0.08227084406201805
      },
      "country_exposure_entropy": 0.8003563528140321
    },
    "NODE_0000018": {
      "country_exposure": "India",
      "country_exposure_confidence": {
        "China": 0.024555294185501557,
        "France": 0.033729256951629406,
        "India": 0.8063832885437664,
        "USA": 0.04645349605224154
      },
      "country_exposure_entropy": 0.9422059270955188
    },
    "NODE_0000019": {
      "country_exposure": "India",
      "country_exposure_confidence": {
        "France": 0.0866799254214375,
        "Guam": 0.04489998181384865,
        "India": 0.7706220858930932,
        "Malaysia": 0.04489998181384855
      },
      "country_exposure_entropy": 0.9492413025582054
    },
    "NODE_0000020": {
      "country_exposure": "Spain",
      "country_exposure_confidence": {
        "China": 0.0017981217384948178,
        "Spain": 0.9950872908715244
      },
      "country_exposure_entropy": 0.04273160189524704
    },
    "NODE_0000021": {
      "country_exposure": "Spain",
      "country_exposure_confidence": {
        "Australia": 0.0017620084449644522,
        "Spain": 0.9951894575366654
      },
      "country_exposure_entropy": 0.04201568758188296
    },
    "NODE_0000022": {
      "country_exposure": "Spain",
      "country_exposure_confidence": {
        "Australia": 0.036940673925163175,
        "China": 0.002078639743251672,
        "Spain": 0.9426290207978686,
        "USA": 0.003607061869281409
      },
      "country_exposure_entropy": 0.31263477101006826
    },
    "NODE_0000025": {
      "country_exposure": "USA",
      "country_exposure_confidence": {
        "Australia": 0.018355302716598017,
        "France": 0.020306697472042175,
        "India": 0.0023181341968250336,
        "USA": 0.9524828822595726
      },
      "country_exposure_entropy": 0.26174028872940464
    },
    "NODE_0000026": {
      "country_exposure": "China",
      "country_exposure_confidence": {
        "Australia": 0.06715424812324285,
        "China": 0.8519030031691333,
        "Thailand": 0.01273816273012973,
        "USA": 0.05569872729064636
      },
      "country_exposure_entropy": 0.6074998913749131
    },
    "NODE_0000027": {
      "country_exposure": "USA",
      "country_exposure_confidence": {
        "Australia": 0.018793709800892212,
        "France": 0.0011128141587085202,
        "USA": 0.9771431848275934
      },
      "country_exposure_entropy": 0.12891812799622998
    },
    "NODE_0000028": {
      "country_exposure": "USA",
      "country_exposure_confidence": {
        "Australia": 0.012529575526234401,
        "France": 0.0011129541712560887,
        "USA": 0.9835803712806028
      },
      "country_exposure_entropy": 0.10152265828979784
    },
    "NODE_0000029": {
      "country_exposure": "USA",
      "country_exposure_confidence": {
        "Australia": 0.007892755504609376,
        "USA": 0.9890523651098176
      },
      "country_exposure_entropy": 0.07372325604437542
    },
    "NODE_0000030": {
      "country_exposure": "USA",
      "country_exposure_confidence": {
        "Australia": 0.007892755504609376,
        "USA": 0.9890523651098176
      },
      "country_exposure_entropy": 0.07372325604437542
    },
    "NODE_0000031": {
      "country_exposure": "Spain",
      "country_exposure_confidence": {
        "Australia": 0.0044951023292337,
        "China": 0.03542139117685379,
        "Spain": 0.9415554711898644,
        "USA": 0.002692775918787179
      },
      "country_exposure_entropy": 0.3233939909526343
    },
    "NODE_0000032": {
      "country_exposure": "USA",
      "country_exposure_confidence": {
        "Australia": 0.055285637436522816,
        "France": 0.0014910112198562055,
        "India": 0.0014222159192213985,
        "USA": 0.9386544078680641
      },
      "country_exposure_entropy": 0.26454601891008866
    },
    "NODE_0000033": {
      "country_exposure": "USA",
      "country_exposure_confidence": {
        "Australia": 0.014801840801798452,
        "USA": 0.9816633407698243
      },
      "country_exposure_entropy": 0.10858347090463764
    },
    "NODE_0000034": {
      "country_exposure": "USA",
      "country_exposure_confidence": {
        "Australia": 0.20658443361133516,
        "France": 0.0019653768828427143,
        "India": 0.002329880182742448,
        "USA": 0.7832173562401131
      },
      "country_exposure_entropy": 0.5887574783779296
    },
    "NODE_0000035": {
      "country_exposure": "USA",
      "country_exposure_confidence": {
        "Australia": 0.034839099436182464,
        "China": 0.054656915038739075,
        "France": 0.00462425646363937,
        "USA": 0.8870280035865595
      },
      "country_exposure_entropy": 0.5292016362926041
    },
    "NODE_0000036": {
      "country_exposure": "USA",
      "country_exposure_confidence": {
        "USA": 0.9991520202221189
      },
      "country_exposure_entropy": 0.007115000064076561
    },
    "NODE_0000037": {
      "country_exposure": "China",
      "country_exposure_confidence": {
        "Australia": 0.013725901719955939,
        "China": 0.8998892546111152,
        "France": 0.026726919411364215,
        "USA": 0.020480071423457365
      },
      "country_exposure_entropy": 0.5572786139418616
    },
    "NODE_0000038": {
      "country_exposure": "China",
      "country_exposure_confidence": {
        "Australia": 0.017368034413012188,
        "China": 0.9179295147891181,
        "USA": 0.014396360937443597,
        "Vietnam": 0.017743137663349902
      },
      "country_exposure_entropy": 0.4739940194596716
    },
    "NODE_0000039": {
      "country_exposure": "China",
      "country_exposure_confidence": {
        "Australia": 0.10527904445349981,
        "China": 0.5658449955898577,
        "USA": 0.04966647676069225,
        "Vietnam": 0.18443108154573465
      },
      "country_exposure_entropy": 1.4956939600978045
    },
    "NODE_0000040": {
      "country_exposure": "China",
      "country_exposure_confidence": {
        "Australia": 0.35915187476220667,
        "China": 0.4286685669070329,
        "USA": 0.1123683254166293,
        "Vietnam": 0.03355684614624426
      },
      "country_exposure_entropy": 1.44264499199347
    },
    "NODE_0000041": {
      "country_exposure": "China",
      "country_exposure_confidence": {
        "Australia": 0.19798551199639108,
        "China": 0.503013313653732,
        "France": 0.017854788074215536,
        "USA": 0.22189165158330937
      },
      "country_exposure_entropy": 1.3911118272542893
    },
    "NODE_0000042": {
      "country_exposure": "USA",
      "country_exposure_confidence": {
        "Australia": 0.13649358052644675,
        "China": 0.0784833519356158,
        "France": 0.06631244449908143,
        "USA": 0.6773955712443144
      },
      "country_exposure_entropy": 1.151841606874857
    },
    "NODE_0000043": {
      "country_exposure": "USA",
      "country_exposure_confidence": {
        "Australia": 0.060487096015838564,
        "China": 0.01880442826503481,
        "France": 0.1998561444723408,
        "USA": 0.6880926488300734
      },
      "country_exposure_entropy": 1.016633272442018
    },
    "NODE_0000044": {
      "country_exposure": "Germany",
      "country_exposure_confidence": {
        "Australia": 0.004645890058845559,
        "France": 0.005628252344576038,
        "Germany": 0.9609222417454876,
        "USA": 0.009448359945320341
      },
      "country_exposure_entropy": 0.263589378227261
